20140909,46.7600,46.9700,46.4200,46.4700,40302400
20140910,46.8400,46.9400,46.2800,46.8200,27302400
20140911,47.0000,47.0000,46.4700,46.7400,29216400
20140912,46.7000,47.0200,46.6000,46.9100,38244700
20140915,46.2400,46.7100,46.1000,46.5400,37667600
20140916,46.7600,46.8500,46.2900,46.3900,27910600
20140917,46.5200,46.6900,46.2300,46.2600,38311900
20140918,46.6800,46.8300,46.4600,46.5900,35556600
20140919,47.5200,47.5700,46.6000,46.8100,202522400
20140922,47.0600,47.3800,46.9800,47.3000,38686100
20140923,46.5600,46.9800,46.4700,46.8500,33430300
20140924,47.0800,47.1100,46.3400,46.6300,26582700
20140925,46.0400,47.0900,46.0300,46.8800,33077400
20140926,46.4100,46.6200,45.7600,45.9300,27078800
20140929,46.4400,46.5600,45.7600,45.9800,26091000
20140930,46.3600,46.4800,46.0100,46.3700,33033100
20141001,45.9000,46.5300,45.8500,46.2700,38088400
20141002,45.7600,46.1000,45.6400,45.8300,25119400
20141003,46.0900,46.3000,45.6100,45.9800,32453200
20141006,46.0900,46.3000,45.9200,46.1200,20604000
20141007,45.5300,45.9300,45.4200,45.8600,25723700
20141008,46.7800,46.8900,45.3400,45.4800,33031000
20141009,45.8500,46.8000,45.7400,46.5000,34422800
20141010,44.0300,46.1200,43.9500,45.6000,51978100
20141013,43.6500,44.5600,43.4900,43.8200,37100200
20141014,43.7300,44.3800,43.5600,43.8700,38115700
20141015,43.2200,43.3900,42.1000,43.0000,60218700
20141016,42.7400,43.0800,42.2200,42.5300,49040400
20141017,43.6300,43.9400,42.7900,43.2000,40683300
20141020,44.0800,44.1400,42.8100,43.0600,34527900
20141021,44.8800,44.9800,44.1900,44.3600,36433800
20141022,44.3800,45.0700,44.2300,45.0000,33570900
20141023,45.0200,45.4500,44.5300,44.6200,45451900
20141024,46.1300,46.9000,45.1800,46.8300,61076700
20141027,45.9100,46.1000,45.7100,45.7100,30371300
20141028,46.4900,46.5000,45.7700,45.8600,29024600
20141029,46.6200,46.7000,46.3400,46.4400,30276100
20141030,46.0500,46.3200,45.7700,46.3200,30073900
20141031,46.9500,46.9700,46.4800,46.9400,35849700
20141103,47.4400,47.4600,46.7300,46.8900,23130400
20141104,47.5700,47.7300,47.2500,47.3000,21530800
20141105,47.8600,47.9000,47.2600,47.8000,22449600
20141106,48.7000,48.8600,47.7900,47.8600,33037800
20141107,48.6800,48.9200,48.2900,48.9200,28000600
20141110,48.8900,49.1500,48.5500,48.6500,36370100
20141111,48.8700,48.9500,48.6500,48.8500,23445200
20141112,48.7800,48.9200,48.5200,48.5600,22722000
20141113,49.6100,49.6500,48.7100,48.8100,26208800
20141114,49.5800,50.0500,49.3900,49.7400,29081700
20141117,49.4600,49.7100,49.1400,49.4100,30315500
20141118,48.7400,49.3300,48.7000,49.1300,23995500
20141119,48.2200,48.7500,47.9300,48.6600,26176800
20141120,48.7000,48.7000,47.8700,48.0000,21500700
20141121,47.9800,49.0500,47.5700,49.0200,42883100
20141124,47.5900,48.0000,47.3900,47.9900,35434200
20141125,47.4700,47.9700,47.4500,47.6600,28007900
20141126,47.7500,47.9900,47.2800,47.4900,27163600
20141128,47.8100,48.2000,47.6100,47.9500,21534400
20141201,48.6200,48.7800,47.7100,47.8800,31191600
20141202,48.4600,49.0500,48.2000,48.8400,25743000
20141203,48.0800,48.5000,47.8100,48.4400,23534800
20141204,48.8400,49.0600,48.2000,48.3900,30320400
20141205,48.4200,48.9700,48.3800,48.8200,27313400
20141208,47.7000,48.3500,47.4500,48.2600,26663100
20141209,47.5900,47.9200,47.0500,47.1100,24330500
20141210,46.9000,47.6600,46.7000,47.5800,30431800
20141211,47.1700,47.7400,46.6800,47.0800,29060400
20141212,46.9500,47.7300,46.6700,46.7800,34248400
20141215,46.6700,47.6700,46.5500,47.2000,29247800
20141216,45.1600,46.3400,45.1300,45.9000,47801400
20141217,45.7400,45.9500,44.9000,45.0500,34970900
20141218,47.5200,47.5200,46.3400,46.5800,40105600
20141219,47.6600,48.1000,47.1700,47.6300,64551200
20141222,47.9800,48.1200,47.7100,47.7800,26566000
20141223,48.4500,48.8000,48.1300,48.3700,23648100
20141224,48.1400,48.6400,48.0800,48.6400,11437800
20141226,47.8800,48.4100,47.8200,48.4100,13197800
20141229,47.4500,47.7800,47.2600,47.7000,14439500
20141230,47.0200,47.6200,46.8400,47.4400,16384700
20141231,46.4500,47.4400,46.4500,46.7300,21552500
20150102,46.7600,47.4200,46.5400,46.6600,27913900
20150105,46.3300,46.7300,46.2500,46.3700,39673900
20150106,45.6500,46.7500,45.5400,46.3800,36447900
20150107,46.2300,46.4600,45.4900,45.9800,29114100
20150108,47.5900,47.7500,46.7200,46.7500,29645200
20150109,47.1900,47.8200,46.9000,47.6100,23942800
20150112,46.6000,47.5400,46.3600,47.4200,23651900
20150113,46.3600,47.9100,46.0600,46.9700,35270600
20150114,45.9600,46.2400,45.6200,45.9600,29719600
20150115,45.4800,46.3800,45.4100,46.2200,32742300
20150116,46.2400,46.2800,45.1700,45.3100,35695300
20150120,46.3900,46.6500,45.5700,46.3000,36161900
20150121,45.9200,46.1400,45.4800,45.9400,39081100
20150122,47.1300,47.1400,46.0800,46.3800,35898000
20150123,47.1800,47.3900,46.8000,47.3600,26211600
20150126,47.0100,47.1300,46.2400,47.0000,42525500
20150127,42.6600,43.2000,42.1100,42.9500,169164000
20150128,41.1900,42.7900,41.1600,42.7400,84507104
20150129,42.0100,42.1200,40.7900,40.9300,63585300
20150130,40.4000,41.5800,40.3500,41.5500,78004896
20150202,41.2800,41.3700,40.2300,40.5900,50352500
20150203,41.6000,41.9300,41.0500,41.6300,52082400
20150204,41.8400,42.2100,41.3600,41.9400,41614800
20150205,42.4500,42.6400,41.8600,42.2200,36548200
20150206,42.4100,42.7900,42.1500,42.6800,34311700
20150209,42.3600,42.7400,42.2100,42.2400,31381100
20150210,42.6000,42.7700,42.1800,42.7400,29670700
20150211,42.3800,42.6500,42.2100,42.6500,38262500
20150212,43.0900,43.0900,42.5100,42.6600,33268800
20150213,43.8700,43.8700,43.1500,43.3800,40264900
20150217,43.5800,44.0000,43.1900,43.9700,33695700
20150218,43.5300,43.7000,43.3900,43.6300,27111700
20150219,43.5000,43.5300,43.0500,43.1800,27603400
20150220,43.8600,43.8800,43.2900,43.5100,29721100
20150223,44.1500,44.1900,43.6500,43.7000,32518800
20150224,44.0900,44.3000,43.9200,44.1500,25271700
20150225,43.9900,44.0900,43.8000,43.9500,29759800
20150226,44.0600,44.2300,43.8900,43.9900,28957300
20150227,43.8500,44.2000,43.6600,44.1300,33807700
20150302,43.8800,44.1900,43.5500,43.6700,31924000
20150303,43.2800,43.8300,43.0900,43.5600,31748600
20150304,43.0600,43.2100,42.8800,43.0100,25748700
20150305,43.1100,43.2400,42.8200,43.0700,23193500
20150306,42.3600,43.1100,42.1500,43.0000,36248800
20150309,42.8500,43.1300,42.1900,42.1900,32108000
20150310,42.0300,42.7100,42.0300,42.3500,39159700
20150311,41.9800,42.3700,41.8400,42.3100,32215300
20150312,41.0200,41.6500,40.8600,41.3300,59992500
20150313,41.3800,41.4700,40.6100,40.7000,58007700
20150316,41.5600,41.6400,41.2800,41.4700,35273500
20150317,41.7000,41.8300,41.1500,41.3700,31673400
20150318,42.5000,42.8300,41.3300,41.4300,44194800
20150319,42.2900,42.5900,42.2200,42.2600,33879100
20150320,42.8800,42.9800,42.4900,42.5600,71904496
20150323,42.8600,43.1300,42.7800,42.8800,26246100
20150324,42.9000,43.1700,42.7500,42.7800,25513300
20150325,41.4600,42.9300,41.4400,42.9200,43469900
20150326,41.2100,41.6100,40.9200,41.2200,37495600
20150327,40.9700,41.4300,40.8300,41.1200,34401400
20150330,40.9600,41.5400,40.9100,41.1000,35049700
20150331,40.6600,41.0300,40.5400,40.7800,34887200
20150401,40.7200,40.7600,40.3100,40.6000,36865300
20150402,40.2900,40.7400,40.1200,40.6600,37487500
20150406,41.5500,41.7800,40.1800,40.3400,39223700
20150407,41.5300,41.9100,41.3100,41.6100,28809400
20150408,41.4200,41.6900,41.0400,41.4600,24753400
20150409,41.4800,41.6200,41.2500,41.2500,25723900
20150410,41.7200,41.9500,41.4100,41.6300,28022000
20150413,41.7600,42.0600,41.3900,41.4000,30276700
20150414,41.6500,42.0300,41.3900,41.8000,24244400
20150415,42.2600,42.4600,41.6800,41.7600,27343600
20150416,42.1600,42.3400,41.8200,41.9500,22509700
20150417,41.6200,41.7400,41.1600,41.6700,42387600
20150420,42.9100,43.1700,41.6800,41.7300,46057700
20150421,42.6400,43.1500,42.5300,43.0000,26013800
20150422,42.9900,43.1300,42.5500,42.6700,25064300
20150423,43.3400,43.6100,42.8000,42.8900,46309500
20150424,47.8700,48.1400,45.6500,45.6600,130933696
20150427,48.0300,48.1300,47.2200,47.2300,59248200
20150428,49.1600,49.2100,47.7000,47.7800,60730800
20150429,49.0600,49.3100,48.5000,48.7200,47804600
20150430,48.6400,49.5400,48.6000,48.7000,64725500
20150501,48.6600,48.8800,48.4000,48.5800,38937300
20150504,48.2400,48.8700,48.1800,48.3700,34039500
20150505,47.6000,48.1600,47.3100,47.8200,50369200
20150506,46.2800,47.7700,46.0200,47.5700,52433000
20150507,46.7000,47.0900,46.1600,46.2700,32971700
20150508,47.7500,47.9800,47.5200,47.5500,35364900
20150511,47.3700,47.9100,47.3700,47.5500,24609400
20150512,47.3500,47.6800,46.4200,46.8500,29928300
20150513,47.6300,48.3200,47.5700,48.1900,34184600
20150514,48.7200,48.8200,48.0300,48.0300,32980900
20150515,48.3000,48.9100,48.0500,48.8700,28642700
20150518,48.0100,48.2200,47.6100,47.9800,24136500
20150519,47.5800,47.8100,47.1800,47.5600,28574800
20150520,47.5800,47.9300,47.2700,47.3900,25047900
20150521,47.4200,47.6000,47.0100,47.2800,22410700
20150522,46.9000,47.3500,46.8200,47.3000,25720600
20150526,46.5900,46.8800,46.1900,46.8300,29581900
20150527,47.6100,47.7700,46.6200,46.8200,27335600
20150528,47.4500,48.0200,47.3900,47.5000,19283700
20150529,46.8600,47.5700,46.5900,47.4300,36519600
20150601,47.2300,47.7700,46.6200,47.0600,28837300
20150602,46.9200,47.3500,46.6200,46.9300,21498300
20150603,46.8500,47.7400,46.8200,47.3700,28002200
20150604,46.3600,47.1600,46.2000,46.7900,27745500
20150605,46.1400,46.5200,45.8400,46.3100,25438100
20150608,45.7300,46.4300,45.6700,46.3000,22121600
20150609,45.6500,45.9400,45.4600,45.7600,24406100
20150610,46.6100,46.8300,45.6900,45.7900,28417400
20150611,46.4400,46.9200,46.1300,46.6600,27347800
20150612,45.9700,46.4700,45.9000,46.2200,23931000
20150615,45.4800,45.6500,45.0200,45.4500,33254500
20150616,45.8300,46.2400,45.3000,45.3500,27070300
20150617,45.9700,46.0700,45.3600,45.7300,28704100
20150618,46.7200,46.8000,46.1700,46.2200,32658300
20150619,46.1000,46.8300,45.9900,46.7900,63837000
20150622,46.2300,46.7200,46.1600,46.3300,20318100
20150623,45.9100,46.2800,45.6200,46.1300,25896500
20150624,45.6400,46.2500,45.5500,45.6700,34890900
20150625,45.6500,46.0600,45.5000,46.0300,20616000
20150626,45.2600,46.2800,45.0300,45.6500,49835300
20150629,44.3700,45.2300,44.3600,45.0400,34081700
20150630,44.1500,44.7200,43.9400,44.7100,35945400
20150701,44.4500,45.2300,44.1000,44.4600,28343900
20150702,44.4000,44.7500,44.0600,44.4800,21752000
20150706,44.3900,44.4800,43.9500,43.9600,23034000
20150707,44.3000,44.4900,43.3200,44.3400,36435800
20150708,44.2400,44.9000,44.0300,44.4400,39785900
20150709,44.5200,45.2200,44.5000,44.7500,32424700
20150710,44.6100,45.1400,44.5700,45.0100,25465800
20150713,45.5400,45.6200,44.9500,44.9800,28178300
20150714,45.6200,45.9600,45.3100,45.4500,22880300
20150715,45.7600,45.8900,45.4300,45.6800,26629600
20150716,46.6600,46.6900,45.9700,46.0100,26271700
20150717,46.6200,46.7800,46.2600,46.5500,29467100
20150720,46.9200,47.1300,46.4400,46.6500,30631900
20150721,47.2800,47.3300,46.4800,46.7800,42781900
20150722,45.5400,46.9300,45.2000,45.4400,59152400
20150723,46.1100,46.2300,45.1000,45.2700,33934000
20150724,45.9400,46.3200,45.8000,45.9100,32333200
20150727,45.3500,46.0100,45.2500,45.9400,39701400
20150728,45.3400,45.6400,44.7900,45.5800,34328900
20150729,46.2900,46.7800,45.2600,45.4000,40945900
20150730,46.8800,47.4000,45.9300,46.2600,39777900
20150731,46.7000,47.3700,46.5000,47.2900,31201500
20150803,46.8100,47.0000,46.4500,46.9800,24125900
20150804,47.5400,47.7100,46.6800,46.7500,33403900
20150805,47.5800,48.4100,47.5400,47.9800,26959700
20150806,46.6200,47.7700,46.3300,47.7100,27368000
20150807,46.7400,46.7800,46.2600,46.3900,19163000
20150810,47.3300,47.4900,46.8400,46.9500,23079900
20150811,46.4100,46.9400,45.9000,46.8200,29237400
20150812,46.7400,46.9000,45.7100,46.1900,30181400
20150813,46.7300,47.1000,46.4900,47.0600,22627200
20150814,47.0000,47.1000,46.5200,46.5300,21473400
20150817,47.3200,47.4500,46.5700,46.8100,21099700
20150818,47.2700,47.4300,46.7000,46.8400,23305600
20150819,46.6100,47.0800,46.3000,46.7800,31444000
20150820,45.6600,46.4700,45.6600,46.0700,35671800
20150821,43.0700,45.4800,43.0700,45.3000,68835504
20150824,41.6800,42.6900,39.7200,40.4500,88049600
20150825,40.4700,43.2400,40.3900,42.5700,70239296
20150826,42.7100,42.8400,41.0600,42.0100,63031300
20150827,43.9000,43.9500,42.9300,43.2300,50498300
20150828,43.9300,44.1500,43.3900,43.4000,28104200
20150831,43.5200,43.9300,43.1000,43.5600,34159100
20150901,41.8200,42.5900,41.6600,42.1700,49194700
20150902,43.3600,43.3800,41.8800,42.3600,37490400
20150903,43.5000,43.9800,43.2800,43.4100,28053200
20150904,42.6100,43.0400,42.2000,42.8100,37124100
20150908,43.8900,44.0000,43.2000,43.3000,32204900
20150909,43.0700,44.4000,42.9100,44.2100,33318800
20150910,43.2900,43.7900,42.7500,43.1200,31234200
20150911,43.4800,43.5900,42.9400,43.1400,26184400
20150914,43.0400,43.4400,42.8600,43.4300,23633300
20150915,43.9800,44.2900,43.0800,43.1900,28662100
20150916,44.3000,44.3800,43.8400,43.9700,23256700
20150917,44.2500,45.0000,44.0800,44.2900,29817900
20150918,43.4800,43.9900,43.3300,43.5000,62221600
20150921,44.1100,44.4700,43.6000,43.6200,26075400
20150922,43.9000,44.0500,43.3100,43.3800,27824100
20150923,43.8700,44.1700,43.5100,43.9300,17057200
20150924,43.9100,44.1300,43.2700,43.4500,27652700
20150925,43.9400,44.7300,43.7600,44.4800,29177300
