20140909,35.2900,35.5900,33.1300,33.8600,4554800
20140910,33.3500,34.9000,32.7600,34.1800,5971000
20140911,33.9300,34.2300,32.0000,32.6500,5196400
20140912,32.3400,33.7300,32.0500,33.0000,6142100
20140915,32.5500,33.0300,31.8800,33.0000,3906700
20140916,32.7800,33.8200,31.5100,32.6500,4863200
20140917,30.5700,33.1800,30.3600,33.0200,5841500
20140918,29.3800,30.6400,29.1800,30.2600,6243100
20140919,27.5100,29.3900,26.9500,29.2500,7619300
20140922,25.7700,27.1000,25.2600,27.0800,8472500
20140923,26.9100,27.4500,26.0100,26.9100,5790000
20140924,25.8000,27.2000,25.7800,26.4700,5039300
20140925,26.2900,26.4200,24.6200,25.1300,6459500
20140926,25.1000,25.8900,24.8600,25.8900,5316200
20140929,24.2500,25.7100,24.2500,25.5500,4697200
20140930,22.8800,24.6200,22.7200,24.0400,7615800
20141001,23.1000,24.4600,23.0400,23.3300,5867900
20141002,23.7600,24.0100,22.5000,23.6000,5924800
20141003,20.5900,22.5500,20.5000,22.5100,10339500
20141006,22.0700,22.2500,20.8200,21.2500,5579700
20141007,19.8100,22.4400,19.8000,22.3000,8832100
20141008,24.0800,24.7500,18.8800,20.5800,12980600
20141009,21.9200,24.0800,20.1800,24.0400,9878900
20141010,20.3900,22.9500,20.0900,21.4800,7836300
20141013,21.4100,23.2900,21.1000,21.4500,7515400
20141014,22.1500,23.3300,21.7500,21.9900,6506600
20141015,22.3800,23.9100,21.6400,22.6200,8572300
20141016,22.1500,23.4000,21.7400,22.0200,5849400
20141017,20.1100,22.3800,20.0500,22.3200,9106100
20141020,21.4900,21.5700,20.3800,20.8800,5442500
20141021,21.1700,22.6700,21.0100,22.1800,5726700
20141022,19.2600,21.0800,19.2200,20.8500,9326000
20141023,19.5700,20.0000,18.1400,18.7400,10731800
20141024,19.3100,19.7900,18.7600,19.5300,4729300
20141027,18.3200,19.1000,18.2600,19.0000,4879600
20141028,19.3500,19.4400,18.2700,18.8900,6237700
20141029,16.9300,19.4200,16.7800,18.7300,13366400
20141030,13.2500,16.4300,13.2000,16.4200,21881400
20141031,10.9200,12.3000,10.7600,11.2300,25411100
20141103,12.3600,12.5500,11.1100,11.5000,15309900
20141104,11.0400,12.2000,10.7900,12.1400,16586400
20141105,9.8000,11.1500,9.5100,9.9400,20662600
20141106,10.8000,11.6500,10.2000,10.3000,18830100
20141107,13.4000,13.6000,11.4700,11.4700,25678900
20141110,11.0000,12.8000,10.6900,12.8000,17336900
20141111,12.3000,12.9800,11.4600,11.5200,18760400
20141112,12.3600,13.3300,11.5100,12.8000,18860000
20141113,11.8300,13.0000,11.5500,12.8700,16131400
20141114,13.9300,14.2000,11.0000,11.1500,28214900
20141117,14.7100,14.9900,13.1200,13.5300,16557700
20141118,16.8600,16.9600,15.1300,15.4800,21303700
20141119,14.0200,16.7000,13.8800,16.6000,21936000
20141120,15.1000,15.6500,14.4200,15.0800,10963500
20141121,15.5200,16.4900,14.8200,16.3600,14602200
20141124,14.8800,15.7500,14.5300,15.2900,11233500
20141125,16.6900,16.7400,14.9600,15.0500,12923300
20141126,16.0100,16.5400,15.8300,16.5400,9340500
20141128,11.9300,14.0300,11.4500,14.0200,13797000
20141201,14.4400,14.6600,12.7300,12.9400,16801500
20141202,13.3100,14.3000,12.6900,13.0200,11999300
20141203,14.0400,14.8500,13.5600,13.8700,13435000
20141204,13.2900,14.6900,13.2100,14.2400,16929000
20141205,12.3600,13.0600,12.1100,12.5000,16694300
20141208,12.5500,13.2500,11.3600,12.8700,23138700
20141209,14.3000,15.1000,13.6600,13.8600,19093600
20141210,13.1700,15.2800,13.1100,14.2900,18718300
20141211,12.7000,14.0000,12.4100,12.6500,17153600
20141212,12.0000,12.9700,11.8500,12.6400,18558200
20141215,9.5600,12.1300,9.5500,11.4400,21819600
20141216,9.0800,10.5400,9.0700,10.4000,18368500
20141217,10.4200,10.6500,9.1500,9.3600,24803600
20141218,11.8200,11.9400,10.6100,11.1600,18146800
20141219,11.4300,12.3300,11.4100,11.7600,12871500
20141222,9.6900,11.5700,9.5000,11.3900,20406000
20141223,9.3700,10.6200,9.2500,9.7100,17245500
20141224,10.1300,10.4300,9.1500,9.4800,11882500
20141226,10.9400,11.3400,10.5900,11.1400,13093400
20141229,10.2200,10.8200,10.0700,10.7900,14435100
20141230,11.2500,11.6800,10.7400,10.8000,20437100
20141231,11.1600,11.5000,10.5300,10.9000,14321600
20150102,12.1000,12.1200,10.3500,10.5000,16330700
20150105,13.0700,13.1000,11.7800,12.4000,20211300
20150106,15.1500,15.5900,13.2800,13.4400,21255300
20150107,14.3600,15.6000,13.7200,14.1300,16581100
20150108,13.6900,15.3500,13.3100,14.5800,14895200
20150109,15.5400,15.6000,14.4000,14.4300,16293300
20150112,17.3000,17.9500,15.7500,15.9900,18011900
20150113,15.1100,18.3200,14.5000,18.2800,20618700
20150114,14.5600,16.3400,13.6100,16.2400,17995000
20150115,16.9600,17.4200,16.1500,16.4300,20838400
20150116,18.6800,19.0500,17.5100,17.5700,19792300
20150120,20.6400,21.0000,19.7500,19.9300,18531300
20150121,19.6200,21.4000,18.3600,21.3400,17193300
20150122,19.2600,20.6200,19.0200,20.3000,11654200
20150123,17.6400,18.9700,17.2000,18.7100,15368600
20150126,18.5000,18.5000,16.0400,16.6100,11352600
20150127,20.2600,20.4000,18.8600,19.0100,17815400
20150128,17.9500,19.8900,17.2500,19.3000,17349300
20150129,17.0000,17.3200,15.7500,16.5400,15292500
20150130,18.5600,18.6600,16.3100,17.1200,14911100
20150202,18.9900,19.5500,17.3500,17.4200,17256700
20150203,17.6000,18.9200,17.1300,18.2800,18031800
20150204,18.6000,18.9800,17.5500,18.2300,15359900
20150205,19.2300,19.2700,17.8100,18.1500,12972900
20150206,16.1100,17.6800,16.0500,17.1800,25182700
20150209,16.9200,17.2100,16.4600,16.5100,10326500
20150210,15.8700,16.3900,15.5800,16.2900,18907400
20150211,15.0300,16.1800,14.9000,16.0500,18390100
20150212,15.5600,15.8300,15.0200,15.4600,14053900
20150213,15.7800,16.4700,15.6800,15.9600,11193300
20150217,14.3000,15.0500,14.1600,14.7200,17654200
20150218,15.2300,15.4700,13.9000,14.4100,17093800
20150219,14.2100,15.4100,13.9400,15.2600,16514000
20150220,13.9900,14.9700,13.9500,14.4200,15777400
20150223,14.1600,14.5600,13.5000,13.7600,14827400
20150224,13.8800,14.3600,13.4900,13.7200,14013400
20150225,14.6800,14.9500,14.1700,14.3100,16705500
20150226,15.0000,15.4200,14.8600,15.3200,13461200
20150227,15.6700,16.1000,15.3200,15.4200,13599300
20150302,14.5300,15.8500,14.2900,15.7800,18865100
20150303,13.7900,15.1500,13.5800,14.6900,19849700
20150304,13.0600,13.9000,13.0000,13.8800,17775200
20150305,13.1500,13.7200,12.8600,13.3600,13121500
20150306,10.3200,11.9800,10.1000,11.9700,49236800
20150309,9.1400,10.5800,9.1100,10.5300,42164000
20150310,8.7200,9.6000,8.4500,9.1400,37984500
20150311,9.5000,9.5900,8.1700,8.7700,43372700
20150312,9.3200,9.8400,9.0000,9.6900,27030700
20150313,9.3100,9.4700,8.5100,9.4500,28867300
20150316,9.3500,9.6200,8.8100,9.3600,20657100
20150317,9.0600,9.6500,8.8000,8.9400,24829900
20150318,10.4500,10.5000,8.7600,9.0000,41192200
20150319,10.2300,10.5400,9.8000,10.2400,20811300
20150320,11.2600,11.4900,10.5300,10.6400,27091200
20150323,11.9900,12.0000,11.2900,11.4800,22126000
20150324,11.8200,12.1500,11.6000,12.1100,16747700
20150325,11.3300,12.2800,11.2700,12.1700,18302700
20150326,10.7800,12.1800,10.4300,11.8700,27419200
20150327,10.3800,10.9100,10.0400,10.5300,21364100
20150330,9.7900,10.1900,9.6300,9.8700,18214400
20150331,9.4200,10.0500,9.2900,9.8700,18882700
20150401,10.9000,10.9600,9.7400,9.8600,25369400
20150402,10.5500,11.1200,10.1300,10.6700,20458600
20150406,11.7100,11.8600,11.3400,11.6000,19626700
20150407,10.8200,11.5800,10.8000,11.4500,17900300
20150408,10.6300,11.2100,10.3200,10.9800,18554000
20150409,10.3700,10.5800,10.1100,10.2800,12964000
20150410,11.2300,11.2500,10.9100,10.9300,16060200
20150413,10.8800,11.2700,10.7700,11.2500,11394300
20150414,11.1700,11.4400,10.8400,10.8700,13626300
20150415,12.1000,12.1700,11.1500,11.3900,18315900
20150416,11.6400,12.5000,11.4900,12.2100,18004100
20150417,11.6300,12.2300,11.5300,11.8600,13959500
20150420,11.8500,11.8500,11.1700,11.3600,12321300
20150421,12.0600,12.2500,11.5400,11.8300,11907600
20150422,10.9100,11.9200,10.9000,11.7400,20241500
20150423,11.6400,11.8400,10.9500,10.9900,17014600
20150424,10.9600,11.7400,10.9500,11.3900,16732800
20150427,11.6300,12.2900,11.2600,11.3600,22465900
20150428,12.9200,13.0000,11.8300,11.8500,21805000
20150429,13.3600,13.6500,12.6900,12.9200,20162000
20150430,12.2000,12.4200,11.7000,12.2700,18211000
20150501,12.4100,12.4300,11.7500,11.8100,10345500
20150504,12.6900,13.1400,12.4600,13.0000,14081000
20150505,12.3400,13.2400,12.1100,13.0700,14314700
20150506,11.4000,12.5800,11.3200,12.5300,21094300
20150507,11.6100,11.6200,10.6600,11.0900,16302600
20150508,11.8400,12.0000,11.2500,11.8100,13726600
20150511,11.9000,12.1700,11.5200,11.7900,11374000
20150512,12.4200,12.4900,12.0200,12.1200,12819700
20150513,13.3000,13.5000,12.9000,12.9500,22827300
20150514,13.4000,14.1900,13.1800,13.7100,18148300
20150515,13.2400,13.6800,12.8200,13.0500,11416200
20150518,13.2600,13.5900,13.0600,13.4600,10097400
20150519,11.8600,12.7300,11.8300,12.7300,19685600
20150520,11.9600,12.3700,11.9000,11.9400,8927400
20150521,11.7200,12.0200,11.6200,11.8300,10200000
20150522,11.5400,11.9100,11.5000,11.7000,10683400
20150526,10.5000,10.9000,10.4100,10.8800,21549600
20150527,10.7600,10.8200,10.3800,10.6000,9734100
20150528,11.0600,11.1200,10.3300,10.6200,15464400
20150529,11.0000,11.3900,10.8700,11.1200,12598100
20150601,10.9000,11.5800,10.8100,11.4200,12671200
20150602,11.3800,11.4900,11.0100,11.1000,13477600
20150603,10.7000,11.2700,10.5800,11.0900,13651400
20150604,10.2000,10.3900,10.1200,10.3500,14895900
20150605,9.7900,10.0500,9.5300,9.7800,21353300
20150608,10.0500,10.0700,9.6100,9.8700,12180400
20150609,9.6900,10.3900,9.6700,10.1800,12515400
20150610,9.9600,10.2500,9.8600,10.1000,12106800
20150611,9.6000,9.8200,9.4600,9.7500,15403300
20150612,9.3700,9.6600,9.2600,9.5300,13807900
20150615,9.3900,9.7400,9.1500,9.2700,15672900
20150616,9.0300,9.2400,8.9700,9.1600,17681100
20150617,9.7000,9.7800,8.8600,8.8900,25460200
20150618,10.1000,10.2500,9.9700,10.2000,22114600
20150619,9.4600,10.0700,9.2300,10.0100,17116800
20150622,8.9600,9.2400,8.9400,9.0700,16509700
20150623,8.9900,9.2100,8.8500,8.8600,13619200
20150624,9.0300,9.1600,8.8300,8.9000,15794800
20150625,8.7700,9.1100,8.7200,8.9500,16870700
20150626,8.6100,8.8300,8.5500,8.6900,13511500
20150629,8.3300,8.7800,8.3300,8.7100,18828000
20150630,8.0900,8.5100,8.0000,8.2300,22603200
20150701,7.4800,8.0500,7.4400,8.0200,22897400
20150702,7.9000,7.9400,7.5800,7.6000,15984600
20150706,8.1800,8.4400,7.6000,7.7600,19884500
20150707,7.0500,7.6800,7.0000,7.6600,29185200
20150708,6.8800,7.3800,6.8700,7.2600,16764800
20150709,6.9600,7.2600,6.7600,7.1800,17881700
20150710,6.7500,7.0200,6.5800,7.0000,24541100
20150713,6.7700,6.7800,6.3000,6.4700,21056800
20150714,6.6300,6.9400,6.6300,6.7600,17229700
20150715,6.2100,6.5100,6.1500,6.4700,23731600
20150716,6.0100,6.1700,5.9600,6.1500,19183100
20150717,5.2100,5.8800,5.1400,5.8700,31561100
20150720,3.6000,4.5400,3.5300,4.4800,78936896
20150721,3.7700,4.1000,3.7200,3.7500,63573600
20150722,3.7400,3.9100,3.4200,3.5500,50405100
20150723,3.4000,3.9300,3.3100,3.8900,53532500
20150724,3.7400,3.7600,3.0600,3.2200,73261104
20150727,3.3200,3.9600,3.2300,3.6000,57562200
20150728,3.4400,3.5100,3.2900,3.4400,30279000
20150729,3.6000,3.6900,3.3000,3.4300,54154100
20150730,3.2500,3.5000,3.2000,3.3800,35908200
20150731,3.4300,3.5900,3.3100,3.5000,30166700
20150803,3.1000,3.3800,3.0200,3.3600,32577900
20150804,3.0900,3.2600,3.0200,3.2100,21117500
20150805,2.9300,3.2500,2.8900,3.1900,36681000
20150806,3.1400,3.3400,2.9600,3.0200,49626900
20150807,3.1500,3.4700,3.1000,3.1500,44683600
20150810,3.7700,3.7800,3.1300,3.2900,59882400
20150811,3.9600,3.9600,3.5100,3.9100,60153400
20150812,4.7400,4.7800,4.1700,4.2000,75555904
20150813,4.0000,4.5000,3.9000,4.3400,43039200
20150814,3.8400,4.2500,3.7500,4.1900,35423000
20150817,4.2600,4.3400,4.0500,4.1000,39729600
20150818,4.0600,4.1800,3.8300,4.0300,34228200
20150819,4.3800,4.4700,4.1500,4.1700,48763700
20150820,4.9400,5.1400,4.7200,4.8400,62130900
20150821,4.5400,5.2600,4.4100,5.2500,60352100
20150824,3.4900,4.3700,3.3900,4.3200,46066600
20150825,3.1100,3.7300,3.0400,3.7200,46762500
20150826,2.6800,2.9900,2.6100,2.9900,68176200
20150827,3.1300,3.1900,2.6400,2.7000,51947000
20150828,3.4200,3.5300,3.0900,3.1000,60444100
20150831,3.3200,3.3300,2.9600,3.2000,39179300
20150901,3.0600,3.5200,3.0300,3.4200,42579500
20150902,2.9800,3.1700,2.8000,3.0600,51119200
20150903,2.8200,3.2500,2.8100,2.8300,46608800
20150904,2.8500,2.8500,2.6300,2.7700,46911900
20150908,2.9200,3.0500,2.8000,2.9200,38885700
20150909,26.8000,29.1000,26.5000,27.9000,4254100
20150910,2.6600,2.8400,2.6400,2.8000,33193100
20150911,2.7100,2.7400,2.3600,2.5900,57029500
20150914,2.6300,2.7900,2.5300,2.6300,31973600
20150915,2.6600,2.7600,2.5700,2.6200,28043600
20150916,3.1000,3.1300,2.8000,2.8000,62922700
20150917,3.3600,3.4800,2.9600,3.0100,80901904
20150918,3.5100,3.6800,3.3000,3.6200,60713600
20150921,3.1800,3.4300,3.1700,3.3600,39389200
20150922,2.7500,2.9700,2.7100,2.9500,46185100
20150923,2.6800,2.9400,2.6600,2.9100,31264800
20150924,3.2300,3.2800,2.8500,2.9000,70233696
20150925,3.0900,3.1800,3.0200,3.0700,39668400
