20140909,99.8500,100.6400,99.4200,100.6200,1570400
20140910,99.8900,100.2500,99.0200,99.7600,1377500
20140911,100.0600,100.6800,98.8900,99.6500,1117200
20140912,99.8900,100.2900,99.3000,99.5700,1690000
20140915,97.5500,100.2800,97.4000,99.6900,1610600
20140916,98.1000,98.4300,96.9000,97.3000,1523100
20140917,97.8200,98.3000,96.4500,98.1200,2347500
20140918,99.5800,99.9400,97.3400,97.9600,2302800
20140919,98.5200,100.1500,98.1300,99.2000,6097100
20140922,98.2000,98.7400,97.8300,98.5100,1668000
20140923,97.0200,98.4300,97.0000,98.2600,1383700
20140924,98.3500,98.6800,96.7800,96.9800,1563700
20140925,96.1900,98.7000,95.5600,98.6100,1589500
20140926,97.2900,97.6300,96.0600,96.1800,1227000
20140929,96.2500,96.9000,95.4300,96.0300,1590200
20140930,97.3200,97.7300,96.0100,96.2300,1713700
20141001,94.5800,96.7800,94.4300,96.4800,1912200
20141002,95.1100,95.3500,93.3200,94.6700,1518400
20141003,95.4000,96.2700,95.0600,95.6500,1356700
20141006,94.7000,96.2300,94.6500,95.9100,1628300
20141007,93.3100,94.6700,93.2700,94.2400,1519900
20141008,95.6600,95.7900,92.7200,93.3600,1692100
20141009,93.3900,95.6800,93.3700,95.6800,1645600
20141010,90.4600,94.7400,90.4600,93.7500,2242800
20141013,86.4700,90.8300,86.2700,90.1200,3341700
20141014,85.8700,87.5100,85.3100,87.2700,2881000
20141015,85.1000,85.3000,82.8500,84.3900,3431500
20141016,85.5800,86.4200,83.1700,83.6600,1643600
20141017,86.8400,87.8000,86.2700,86.3900,2276300
20141020,87.8300,88.1700,86.8500,87.0200,1969500
20141021,90.6800,90.7700,88.5100,88.8100,2313400
20141022,89.2700,90.9900,89.1200,90.7200,1737500
20141023,90.5900,91.0700,89.6000,90.5000,1821100
20141024,91.6800,91.8200,90.1600,91.0700,1488100
20141027,92.9500,93.8100,90.6200,91.7600,2291900
20141028,93.0800,94.1700,91.6800,93.2800,2701500
20141029,95.7900,97.5000,92.5700,93.0000,4290300
20141030,95.1900,95.6700,94.1100,95.2100,2075300
20141031,98.3700,98.5900,96.1600,97.1800,2665900
20141103,100.7500,101.4700,98.5000,98.7200,2785100
20141104,100.0000,101.2000,99.6000,100.2300,2100100
20141105,101.2800,101.3900,100.0300,100.7600,1223000
20141106,97.8700,101.0700,97.5600,100.0000,3240400
20141107,97.7000,98.9700,97.3400,97.9500,5057200
20141110,97.6400,98.0000,97.0600,97.6200,1858700
20141111,96.9500,97.9300,96.3900,97.6400,1455900
20141112,97.6300,98.1100,96.5000,96.9800,1575500
20141113,97.8300,98.1600,97.0900,97.4700,1270100
20141114,98.4100,98.8100,97.7800,98.0100,1115900
20141117,98.5400,98.9100,97.2700,98.2900,1835600
20141118,100.3900,101.2000,98.1400,98.3800,2022000
20141119,99.9100,100.4300,99.3500,100.2400,1180800
20141120,101.7700,101.8100,99.0800,100.0100,1198400
20141121,101.7000,103.4800,100.8300,102.6200,2608400
20141124,102.7600,102.9700,101.4600,101.5300,1229900
20141125,102.6300,104.0000,102.5600,103.0000,2333400
20141126,103.6700,103.6900,101.5700,102.0000,1465900
20141128,103.2700,104.0000,102.9700,103.5400,862400
20141201,102.1500,103.3700,101.3300,103.1000,1828700
20141202,102.7200,103.2300,101.7400,102.1800,1284800
20141203,103.1400,103.3800,102.1100,102.9500,1080000
20141204,103.7200,104.2100,102.9200,103.0400,1458300
20141205,105.0700,105.2100,103.6100,104.0000,2150800
20141208,105.0500,105.8300,104.1400,104.5500,1676100
20141209,107.8000,108.6700,103.6200,103.6200,3598500
20141210,107.2300,109.6400,107.0000,108.3800,2937300
20141211,108.0400,109.0900,107.2300,108.1900,1909000
20141212,105.6300,107.6500,105.6100,106.8400,1600500
20141215,105.4000,107.1100,104.8200,105.9200,1475900
20141216,104.4900,108.0700,104.4400,105.0300,2368800
20141217,107.9500,108.8600,104.8400,104.8400,2335200
20141218,112.3600,112.4900,109.2400,109.5100,3202100
20141219,113.8800,114.6900,112.7100,112.7100,3764500
20141222,114.2800,114.4800,113.2800,113.5800,2155400
20141223,113.3000,114.5600,112.1500,114.3900,2104200
20141224,113.1100,113.7500,112.6400,113.6300,783000
20141226,113.0900,113.9900,113.0600,113.7900,639100
20141229,113.0400,113.8900,112.5900,112.7800,992600
20141230,112.3100,112.8200,111.8000,112.2600,1457900
20141231,110.7000,112.2800,110.6100,112.1700,1090400
20150102,110.4300,111.9200,109.2600,111.8000,966400
20150105,108.9700,111.2300,108.5600,110.2200,1662700
20150106,106.5400,109.3400,106.1300,108.3900,2014900
20150107,108.1400,108.4500,106.3200,107.5100,1552700
20150108,110.3800,111.4400,109.2400,109.2400,2533100
20150109,112.2200,113.8800,110.7200,110.9400,2189400
20150112,110.3200,111.7800,109.6900,111.4500,1516400
20150113,109.3800,112.5700,108.7400,111.0000,1603600
20150114,108.7700,109.6700,107.5700,109.3100,1330900
20150115,104.7000,109.3900,104.6600,109.2800,2172700
20150116,106.3700,106.5800,103.1100,104.6000,1877000
20150120,106.5900,107.1400,105.2000,107.1400,1401400
20150121,106.6300,107.2900,105.7000,106.0500,1037900
20150122,105.2900,106.6800,104.4400,106.5400,3319400
20150123,106.1000,107.0400,105.2600,105.3000,2250200
20150126,100.9800,101.9900,96.7000,101.4700,5789500
20150127,97.6300,100.1000,97.2300,99.0900,3305000
20150128,99.8300,104.9500,99.6400,104.2300,5081900
20150129,101.0600,101.5100,98.8200,100.2500,2533700
20150130,97.2300,101.0400,96.9600,99.8700,2381000
20150202,98.4200,98.5000,95.5400,97.2600,2317800
20150203,100.6900,100.7500,97.3900,98.4600,2227000
20150204,104.0400,105.2400,100.6500,100.6900,4537800
20150205,104.1100,104.9200,103.2100,103.8500,1603100
20150206,103.4000,106.1600,103.1200,104.2500,1736500
20150209,102.6000,103.5300,102.2700,103.2300,963600
20150210,104.0800,104.1300,101.6400,103.1800,1301000
20150211,106.0900,106.2100,103.7300,104.0000,1872600
20150212,107.1900,107.9100,106.1100,106.4000,1718200
20150213,107.6100,108.8600,107.0500,107.9600,1246800
20150217,106.7700,107.2300,105.5000,105.5000,1302800
20150218,109.0000,109.0500,105.1300,106.8300,2778100
20150219,109.8400,109.8800,108.7300,109.1800,2792100
20150220,111.3100,111.5300,108.1700,109.7100,2268100
20150223,111.0900,111.8400,110.2200,111.6500,1760200
20150224,108.9700,110.8300,107.9800,110.6000,1651500
20150225,106.1500,108.2500,105.7700,108.2500,2352100
20150226,107.3400,108.4800,106.2200,106.7500,2215400
20150227,106.9800,107.9900,106.6200,107.4200,1623800
20150302,108.7800,110.0000,106.6400,107.4200,1821100
20150303,105.5700,108.5500,104.8100,108.1700,1791500
20150304,105.3600,105.5300,103.3500,104.6100,1649500
20150305,105.3800,105.6800,104.6500,105.6800,881700
20150306,102.5300,105.4900,102.2300,104.6700,1509800
20150309,102.5800,103.2500,101.7500,102.6800,1682300
20150310,99.3900,102.1200,99.3800,101.4200,2378600
20150311,97.8900,99.0300,96.3700,98.8500,3293200
20150312,98.5600,98.8200,95.0700,95.3500,2943700
20150313,97.1900,98.5600,96.0800,98.1800,2210300
20150316,98.2000,99.4100,97.5900,97.9600,1516200
20150317,96.6200,98.1700,96.2300,97.5300,1500000
20150318,97.8800,98.4900,96.1700,97.6400,2572000
20150319,99.3000,99.6200,98.1600,98.3400,1942300
20150320,100.4400,101.0800,99.0900,100.0700,2417900
20150323,99.6400,101.3600,99.5100,100.3900,1784900
20150324,97.9400,100.0800,97.5600,99.4400,1759600
20150325,94.6200,98.5400,94.5900,98.5400,2150600
20150326,93.6400,94.5800,91.6100,92.7400,3546000
20150327,92.7300,94.4000,92.3700,94.2600,2014400
20150330,92.9300,93.5900,92.1300,93.3300,1787300
20150331,91.0100,92.0600,90.2800,91.9300,2408900
20150401,92.3500,92.3600,89.8200,90.5600,2851900
20150402,93.0000,93.3100,91.7000,91.7900,2081200
20150406,93.1900,93.5500,91.8300,92.1600,1714700
20150407,94.1100,94.8300,93.2000,93.3900,2018700
20150408,93.9100,94.6000,93.4800,94.4200,2045600
20150409,94.0200,94.6200,93.0500,93.4900,2041100
20150410,95.8900,96.4900,94.4500,94.6300,2115300
20150413,95.5000,97.1300,95.4500,97.1300,1771200
20150414,96.1600,96.9700,95.2500,96.6200,1659600
20150415,99.0400,99.5400,97.3000,97.3000,2538500
20150416,97.8300,98.6200,97.3700,97.8800,2435400
20150417,99.4400,100.2900,97.5300,97.5500,2987000
20150420,101.5800,102.0700,99.4300,99.4300,2576200
20150421,99.6800,102.0700,98.7500,101.3300,1930800
20150422,100.3100,100.4600,99.0400,99.8200,1273800
20150423,100.2700,100.8800,99.2300,99.9600,1178200
20150424,99.7500,100.6900,99.0800,100.5400,962200
20150427,98.9000,99.9300,98.2400,99.5600,1476000
20150428,97.9000,98.6100,96.8000,98.4600,2479100
20150429,95.8300,96.9500,93.8400,94.4300,4589600
20150430,97.7400,97.9600,95.6200,95.6200,3637200
20150501,99.3300,99.9100,97.8400,98.1100,2464000
20150504,99.5100,99.9300,98.4900,99.3800,1953300
20150505,96.7900,99.2400,96.4300,98.8700,2161800
20150506,94.8700,97.3700,94.0500,96.9200,2469300
20150507,94.8400,95.7000,94.0500,94.4500,1539100
20150508,96.5300,96.8400,95.7600,95.9000,1165000
20150511,96.0500,97.9100,95.8500,96.7400,1184100
20150512,95.9600,96.3700,94.8900,95.4800,1537000
20150513,95.9600,97.2100,95.8000,96.4000,1406800
20150514,98.4100,98.4500,96.3300,96.9500,1297200
20150515,97.6700,98.6500,97.3200,98.6200,2179000
20150518,97.8700,98.4000,97.1700,97.2100,1102000
20150519,95.5900,97.8400,94.7900,97.7800,2700400
20150520,94.8300,96.1100,94.7100,95.7800,1380800
20150521,95.2500,95.6700,94.3800,95.1000,978000
20150522,95.2300,95.7900,95.0000,95.0600,886200
20150526,93.2000,96.0000,92.5100,95.2400,1977500
20150527,94.3700,94.6600,93.1400,93.7000,1344700
20150528,99.2300,99.7600,97.4800,97.5700,3934200
20150529,97.3600,98.9400,96.6300,98.8700,2975800
20150601,97.1300,97.8500,96.3900,97.6000,1431500
20150602,96.9500,97.3000,96.5200,96.9900,1027000
20150603,98.1400,98.1900,96.8500,97.6900,1424400
20150604,95.4000,97.9400,94.6100,97.3000,1847200
20150605,94.8700,95.5800,94.2700,95.4000,1050600
20150608,92.6000,95.2900,92.3800,94.6500,1755600
20150609,92.0400,92.8500,91.4100,92.5500,1567300
20150610,93.6000,94.0900,92.1100,93.0200,1825900
20150611,94.4600,94.8600,93.5500,93.5500,1295200
20150612,93.0100,93.8900,92.1300,93.5300,1508000
20150615,91.7500,92.3800,91.3300,92.2300,1297000
20150616,91.0500,92.2500,90.9900,91.4800,1412300
20150617,92.0200,93.3800,91.2600,91.4700,1774600
20150618,92.4200,92.8200,91.1000,92.1100,1864000
20150619,91.0200,92.4900,90.9000,92.3400,2590500
20150622,91.6000,91.9100,90.6800,91.7100,1113100
20150623,88.6200,91.3300,88.5300,91.0900,2944300
20150624,87.7300,88.8100,87.4400,88.5400,1932400
20150625,85.9500,88.1500,85.5500,88.1500,2628800
20150626,84.4500,85.8400,83.8700,84.9500,2916000
20150629,81.9600,83.4800,81.4400,83.3100,3374500
20150630,78.4200,82.3800,78.3300,81.8000,4307600
20150701,79.4400,79.4500,78.2700,79.1500,3700700
20150702,80.8700,81.9500,79.7700,80.0000,3300700
20150706,79.8200,80.0000,78.3500,79.8200,3386900
20150707,79.8200,80.1300,77.2600,79.8400,3355300
20150708,78.3100,79.7300,78.1900,79.3100,2328600
20150709,77.3500,79.7400,77.3400,79.7300,2106600
20150710,77.1000,78.6800,76.5500,78.4300,1960600
20150713,77.7100,78.0000,75.9200,76.4000,3047100
20150714,78.3600,78.7300,77.3400,77.9500,3169600
20150715,78.6900,79.3900,77.8000,79.0400,3338300
20150716,78.8900,79.6000,78.2500,78.9600,2698700
20150717,78.9300,79.1700,77.9300,78.3400,2237500
20150720,78.3800,78.9700,77.6500,78.8700,1635900
20150721,78.6900,79.3300,77.7500,77.7500,1688700
20150722,78.5200,78.7600,77.1100,78.6900,2384500
20150723,77.9000,78.8900,76.5200,77.0800,3642300
20150724,77.2600,78.3800,76.8300,78.3200,1681700
20150727,76.4900,77.1400,76.0000,76.7700,1947200
20150728,77.7400,78.2500,76.0700,76.8200,3052500
20150729,78.7500,79.2000,77.0100,77.1800,4217400
20150730,86.4400,88.4600,85.0200,85.4400,7619800
20150731,86.0600,86.4200,85.1400,86.4000,3758600
20150803,85.8500,86.8000,85.0100,86.2000,2394900
20150804,84.3900,86.0800,83.7400,84.9600,2750100
20150805,84.6900,85.6700,83.8600,84.2000,2438900
20150806,84.1900,85.5200,83.2700,85.1100,1997300
20150807,83.5100,84.8100,83.3200,84.4900,1743500
20150810,84.9600,85.1000,83.4600,84.3400,1622800
20150811,83.1900,84.8600,82.3100,84.1000,2424600
20150812,83.1600,83.4300,80.5800,82.4400,2922800
20150813,81.5700,83.2300,81.5500,82.6100,1849000
20150814,82.5000,82.6300,81.4100,81.5800,1230000
20150817,83.6000,83.8600,81.4200,82.0200,1613100
20150818,83.3100,83.8100,81.6700,82.7700,1693000
20150819,81.7100,83.1800,81.6500,82.0200,2469000
20150820,79.7900,81.0700,79.3000,80.5300,1961700
20150821,79.4400,81.7900,78.8400,78.8700,3727500
20150824,76.9200,78.2900,74.6300,77.8300,3871200
20150825,75.1600,79.1300,75.0000,78.9600,2754100
20150826,78.6300,79.1000,74.4400,77.0900,3885700
20150827,81.4100,81.9200,79.4900,79.6600,2512100
20150828,81.2800,82.4800,80.5200,80.7500,1758100
20150831,81.9600,82.2200,80.2700,81.2100,1870500
20150901,80.4500,82.4400,79.6700,79.7400,3058300
20150902,81.1500,82.2200,79.5200,82.2200,2511900
20150903,81.8000,83.1500,79.2300,80.0000,2012000
20150904,80.0200,81.3100,79.4600,80.2300,1666800
20150908,83.9000,83.9700,81.5600,81.7300,2306800
20150909,82.3900,84.7800,82.2100,83.8600,1926700
20150910,81.2400,82.0400,79.5700,81.1600,2253300
20150911,80.5300,81.8500,79.7200,80.4900,2128700
20150914,80.6400,81.1200,79.9800,81.1000,1797000
20150915,80.7400,81.0400,80.0600,80.9600,2275100
20150916,81.1600,81.5500,80.4200,80.9800,2089700
20150917,80.7300,82.4100,80.2200,80.7700,1821100
20150918,75.8700,79.9500,75.7300,79.8700,6536500
20150921,76.2600,77.4400,75.5400,76.2000,2230900
20150922,72.0500,75.4900,71.4300,75.4400,4071800
20150923,71.4400,72.4700,70.4100,72.0000,2789600
20150924,71.4000,71.8100,69.4000,70.8400,3087900
20150925,70.4700,72.0400,70.2100,72.0000,2463400
